AAAAAA 0 2 1 3 8 7 10 4 8 20 2 40 0 0 1 18 4 1 135 5
BBBBBB 0 0 0 8 8 8 8 8 8 14 4 15 5 28 1 12 2 1 102 3
CCCCCC 0 1 2 8 8 8 9 10 7 6 5 33 9 0 1 15 15 1 140 5
DDDDDD 0 2 6 10 10 10 10 10 10 34 6 40 8 0 1 20 5 0 159 1
EEEEEE 0 0 0 4 5 2 0 5 2 28 0 33 0 0 1 13 2 0 97 1
FFFFFF 1 0 1 9 10 10 10 9 7 37 7 36 4 0 1 18 8 1 149 5
GGGGGG 0 0 0 0 0 0 0 0 0 0 0 0 0 0 0 0 0 0 0 0
HHHHHH 0 0 0 5 4 6 7 10 9 35 7 39 9 0 1 20 0 1 146 5
IIIIII 2 3 3 10 10 0 7 8 0 15 0 18 0 0 1 17 4 0 92 1
JJJJJJ 0 0 4 6 6 6 6 6 6 25 5 25 1 33 0 14 0 0 104 1
KKKKKK 0 0 0 7 8 9 9 10 8 40 10 35 2 0 1 14 12 1 149 5
LLLLLL 0 0 2 5 6 4 0 7 4 25 5 0 0 0 1 18 0 0 65 1
MMMMMM 0 0 0 0 0 9 10 10 10 34 6 33 4 0 1 8 4 0 128 1
NNNNNN 2 1 0 9 8 9 10 10 8 36 6 38 0 0 1 19 12 1 151 5
OOOOOO 0 0 0 7 7 8 8 6 7 24 0 13 5 0 0 14 0 0 81 1
PPPPPP 0 0 2 7 7 7 7 0 0 0 0 0 4 22 1 14 0 1 86 2
QQQQQQ 0 0 0 0 8 9 9 10 0 35 0 34 3 0 1 20 2 1 130 5
RRRRRR 2 1 1 9 10 10 10 9 8 37 7 35 5 0 1 16 10 1 149 5
SSSSSS 2 1 3 2 9 2 2 10 10 37 7 25 2 0 1 18 2 1 120 4
TTTTTT 0 0 0 9 10 10 10 0 0 25 0 25 0 32 1 15 2 1 120 4
UUUUUU 0 0 0 0 0 0 0 0 0 0 0 0 0 0 0 0 0 0 0 0
VVVVVV 4 1 2 0 8 8 9 0 7 34 0 26 1 0 0 16 0 0 108 1
WWWWWW 1 0 1 7 7 0 0 0 0 0 0 0 0 30 1 14 0 0 88 1
XXXXXX 0 0 0 0 0 0 0 0 0 0 0 0 0 0 0 0 0 0 0 0
YYYYYY 0 0 0 0 0 0 0 0 0 0 0 0 0 0 0 0 0 0 0 0
ZZZZZZ 0 0 0 10 10 10 0 10 10 40 0 25 0 0 1 13 0 1 118 4
000000 0 0 0 0 0 0 0 0 0 0 0 0 0 0 0 0 0 0 0 0
111111 0 0 1 10 9 8 7 6 5 35 0 27 0 0 1 14 1 1 111 4
222222 2 2 2 8 8 8 8 8 9 34 5 27 4 26 0 0 0 0 90 1
333333 0 0 0 8 9 8 9 8 9 28 0 32 0 0 1 12 0 1 111 4
444444 2 3 1 5 6 7 6 6 7 31 0 26 0 0 1 10 0 1 93 3
555555 0 0 0 9 10 10 10 9 10 37 7 35 5 0 1 19 10 1 153 5
666666 0 0 0 5 5 5 5 0 0 20 0 21 0 0 1 14 2 1 78 2
I4RZ0O 0 0 0 9 10 10 10 9 0 37 7 0 0 0 0 0 8 0 91 1
ABCABC 1 1 1 1 3 7 9 5 10 23 10 25 1 25 0 12 0 0 93 1
123456 0 0 0 10 10 10 10 10 10 40 10 40 10 0 1 20 14 1 174 5
NEPTUN 0 0 0 5 6 7 8 9 10 30 0 29 5 0 1 7 4 0 104 1
ASDASD 0 0 0 0 0 0 0 0 0 0 0 0 0 0 0 0 0 0 0 0
HUNHUN 0 0 0 0 0 0 0 0 0 0 0 0 0 0 0 0 0 0 0 0
BMEBME 0 2 0 10 10 9 8 8 0 15 0 18 0 0 1 12 2 0 87 1
